-- MySQL dump 10.13  Distrib 8.0.20, for Linux (x86_64)
--
-- Host: localhost    Database: db_moodtraveling
-- ------------------------------------------------------
-- Server version	8.0.20-0ubuntu0.19.10.1

/*!40101 SET @OLD_CHARACTER_SET_CLIENT=@@CHARACTER_SET_CLIENT */;
/*!40101 SET @OLD_CHARACTER_SET_RESULTS=@@CHARACTER_SET_RESULTS */;
/*!40101 SET @OLD_COLLATION_CONNECTION=@@COLLATION_CONNECTION */;
/*!50503 SET NAMES utf8 */;
/*!40103 SET @OLD_TIME_ZONE=@@TIME_ZONE */;
/*!40103 SET TIME_ZONE='+00:00' */;
/*!40014 SET @OLD_UNIQUE_CHECKS=@@UNIQUE_CHECKS, UNIQUE_CHECKS=0 */;
/*!40014 SET @OLD_FOREIGN_KEY_CHECKS=@@FOREIGN_KEY_CHECKS, FOREIGN_KEY_CHECKS=0 */;
/*!40101 SET @OLD_SQL_MODE=@@SQL_MODE, SQL_MODE='NO_AUTO_VALUE_ON_ZERO' */;
/*!40111 SET @OLD_SQL_NOTES=@@SQL_NOTES, SQL_NOTES=0 */;

--
-- Table structure for table `SENTIMENT_SCORE`
--

DROP TABLE IF EXISTS `SENTIMENT_SCORE`;
/*!40101 SET @saved_cs_client     = @@character_set_client */;
/*!50503 SET character_set_client = utf8mb4 */;
CREATE TABLE `SENTIMENT_SCORE` (
  `ID_SENTIMENT` int NOT NULL AUTO_INCREMENT,
  `PERC_MOLTO_POS` float DEFAULT NULL,
  `PERC_POS` float DEFAULT NULL,
  `PERC_NEUTRO` float DEFAULT NULL,
  `PERC_NEGATIVO` float DEFAULT NULL,
  `PERC_MOLTO_NEG` float DEFAULT NULL,
  PRIMARY KEY (`ID_SENTIMENT`),
  CONSTRAINT `CH_MOLTO_NEG` CHECK (((`PERC_MOLTO_NEG` >= 0) and (`PERC_MOLTO_NEG` <= 100))),
  CONSTRAINT `CH_MOLTO_POS` CHECK (((`PERC_MOLTO_POS` >= 0) and (`PERC_MOLTO_POS` <= 100))),
  CONSTRAINT `CH_NEGATIVO` CHECK (((`PERC_NEGATIVO` >= 0) and (`PERC_NEGATIVO` <= 100))),
  CONSTRAINT `CH_NEUTRO` CHECK (((`PERC_NEUTRO` >= 0) and (`PERC_NEUTRO` <= 100))),
  CONSTRAINT `CH_POS` CHECK (((`PERC_POS` >= 0) and (`PERC_POS` <= 100)))
) ENGINE=InnoDB AUTO_INCREMENT=2705 DEFAULT CHARSET=utf8mb4 COLLATE=utf8mb4_0900_ai_ci;
/*!40101 SET character_set_client = @saved_cs_client */;

--
-- Dumping data for table `SENTIMENT_SCORE`
--

LOCK TABLES `SENTIMENT_SCORE` WRITE;
/*!40000 ALTER TABLE `SENTIMENT_SCORE` DISABLE KEYS */;
INSERT INTO `SENTIMENT_SCORE` VALUES (1,22.5,22.5,22.5,20.5,2),(2,22.5,22.5,22.5,20.5,2),(3,10.5,10.5,10.5,10.5,2),(4,10.5,10.5,10.5,10.5,2),(5,12,63,13,10,3),(6,12,50,22,13,4),(7,5,36,35,20,4),(8,1,12,46,36,4),(9,3,18,33,40,6),(10,0,0,100,0,0),(11,5,33,29,27,5),(12,27,61,6,3,2),(13,1,1,7,61,31),(14,1,17,50,29,3),(15,5,4,6,54,30),(16,2,8,30,54,7),(17,36,57,5,1,1),(18,5,27,30,32,6),(19,3,11,24,52,9),(20,2,7,29,54,8),(21,8,47,19,21,4),(22,2,14,49,31,4),(23,12,63,13,10,3),(24,12,50,22,13,4),(25,5,36,35,20,4),(26,1,12,46,36,4),(27,3,18,33,40,6),(28,0,0,100,0,0),(29,5,33,29,27,5),(30,27,61,6,3,2),(31,1,1,7,61,31),(32,1,17,50,29,3),(33,5,4,6,54,30),(34,2,8,30,54,7),(35,36,57,5,1,1),(36,5,27,30,32,6),(37,3,11,24,52,9),(38,2,7,29,54,8),(39,8,47,19,21,4),(40,2,14,49,31,4),(41,12,63,13,10,3),(42,12,50,22,13,4),(43,5,36,35,20,4),(44,1,12,46,36,4),(45,3,18,33,40,6),(46,0,0,100,0,0),(47,5,33,29,27,5),(48,27,61,6,3,2),(49,1,1,7,61,31),(50,1,17,50,29,3),(51,5,4,6,54,30),(52,2,8,30,54,7),(53,36,57,5,1,1),(54,5,27,30,32,6),(55,3,11,24,52,9),(56,2,7,29,54,8),(57,8,47,19,21,4),(58,2,14,49,31,4),(59,0,1,89,8,1),(60,7,41,35,14,3),(61,20,70,4,4,1),(62,50,42,7,0,0),(63,42,57,1,0,0),(64,23.8,42.2,27.2,5.2,1),(65,12,63,13,10,3),(66,12,50,22,13,4),(67,5,36,35,20,4),(68,1,12,46,36,4),(69,3,18,33,40,6),(70,15.2,39,28.5,14.5,2.6),(71,0,0,100,0,0),(72,5,33,29,27,5),(73,27,61,6,3,2),(74,1,1,7,61,31),(75,1,17,50,29,3),(76,12.4,33.4667,31.8,17.6667,4.46667),(77,5,4,6,54,30),(78,2,8,30,54,7),(79,36,57,5,1,1),(80,5,27,30,32,6),(81,3,11,24,52,9),(82,11.85,30.45,28.6,22.9,6),(83,2,7,29,54,8),(84,8,47,19,21,4),(85,2,14,49,31,4),(86,10.8261,29.4348,29.087,24.5217,5.91304),(87,8,38,26,24,5),(88,2,16,43,34,5),(89,2,20,63,12,2),(90,4,24,42,25,4),(91,24,52,12,8,4),(92,8,30,37.2,20.6,4),(93,42,56,1,0,0),(94,8,61,25,5,1),(95,4,15,63,14,3),(96,9,27,24,32,8),(97,21,68,7,3,1),(98,12.4,37.7,30.6,15.7,3.3),(99,34,65,1,0,0),(100,1,26,67,4,1),(101,5,30,37,24,4),(102,1,1,12,39,47),(103,23,63,8,4,2),(104,12.5333,37.4667,28.7333,15.2,5.8),(105,25,49,9,11,6),(106,0,2,88,9,1),(107,2,12,73,11,2),(108,9,54,26,9,2),(109,26,58,12,3,1),(110,12.5,36.85,31.95,13.55,4.95),(111,10,51,15,18,5),(112,0,0,99,0,0),(113,20,76,3,1,0),(114,16,44,25,11,4),(115,2,10,42,39,6),(116,11.92,36.72,32.92,13.6,4.56),(117,13,43,24,14,5),(118,47,52,1,0,0),(119,1,4,22,65,8),(120,1,0,6,39,54),(121,15,47,15,17,6),(122,12.5,35.4667,29.7,15.8333,6.23333),(123,29,69,1,0,0),(124,47,45,5,1,1),(125,42,54,2,1,1),(126,6,65,25,3,1),(127,0,2,27,64,6),(128,14.2571,37.1143,27.1714,15.5429,5.6),(129,23,66,7,3,2),(130,8,31,24,30,7),(131,1,1,18,55,24),(132,12,30,20,29,10),(133,21,38,11,20,10),(134,14.1,36.625,25.775,17.025,6.225),(135,11,55,21,11,3),(136,33,59,4,2,1),(137,6,27,35,26,6),(138,18,68,7,5,2),(139,0,1,16,72,11),(140,14.0444,37.2222,24.7556,17.7111,6.04444),(141,7,12,15,49,17),(142,6,39,36,16,3),(143,6,45,23,22,4),(144,3,8,27,52,10),(145,8,15,9,49,20),(146,6,23.8,22,37.6,10.8),(147,17,79,3,1,0),(148,7,41,39,11,2),(149,7,15,17,47,14),(150,15,79,5,1,0),(151,4,22,35,32,6),(152,8,35.5,20.9,28,7.6),(153,1,7,40,48,5),(154,8,23,16,38,14),(155,0,0,100,0,0),(156,12,39,27,17,5),(157,1,0,6,41,51),(158,6.8,28.2667,26.5333,28.2667,10.0667),(159,1,6,34,51,8),(160,0,4,82,13,1),(161,15,21,11,37,16),(162,1,5,37,49,7),(163,3,4,10,62,21),(164,6.1,23.2,28.6,31.8,10.2),(165,7,63,23,5,1),(166,3,10,17,56,13),(167,2,6,30,52,10),(168,8,23,57,6,6),(169,9,43,29,14,5),(170,6.04,24.36,29.12,30.76,9.56),(171,4,17,33,38,8),(172,4,26,39,27,5),(173,6,14,17,50,13),(174,1,2,13,67,16),(175,16,58,13,9,3),(176,6.06667,24.2,28.1,32,9.46667),(177,22,63,9,4,2),(178,4,28,45,20,3),(179,1,2,26,64,8),(180,0,5,84,10,1),(181,3,35,42,17,3),(182,6.05714,24.5429,29.9714,30.7143,8.6),(183,1,11,56,29,3),(184,1,2,16,63,19),(185,0,1,17,65,16),(186,58,40,1,0,0),(187,17,54,14,11,4),(188,7.225,24.175,28.825,31.075,8.575),(189,11,80,4,3,1),(190,1,2,16,65,16),(191,8,14,17,45,15),(192,17,69,8,4,2),(193,3,14,39,38,6),(194,7.31111,25.4667,27.4889,31.0667,8.51111),(195,0,14,81,4,1),(196,53,47,1,0,0),(197,22,38,8,22,9),(198,3,18,58,18,3),(199,2,14,41,37,5),(200,8.18,25.54,28.52,29.58,8.02),(201,6,27,42,20,5),(202,7,70,21,2,1),(203,33,56,5,4,2),(204,27,69,3,1,1),(205,3,4,8,62,23),(206,8.81818,27.3273,27.3636,28.5091,7.87273),(207,2,5,37,48,8),(208,24,47,13,11,4),(209,1,5,20,58,17),(210,1,2,6,70,22),(211,18,9,3,42,28),(212,8.85,26.1833,26.4,29.95,8.53333),(213,0,0,99,0,0),(214,9,33,28,24,6),(215,27,71,1,0,0),(216,6,13,16,50,15),(217,69,28,2,0,0),(218,9.87692,26.4,26.6154,28.7846,8.2),(219,13,51,16,15,5),(220,45,54,1,0,0),(221,3,13,31,47,7),(222,12,71,12,3,1),(223,8,35,20,29,8),(224,10.3286,27.7143,25.8571,28.0714,7.91429),(225,4,23,43,26,4),(226,7,38,34,17,4),(227,7,58,30,4,1),(228,16,74,7,2,1),(229,1,5,20,64,9),(230,10.1067,28.5067,25.92,27.7067,7.64),(231,45,55,0,0,0),(232,19,72,5,3,1),(233,1,19,74,4,1),(234,1,0,9,55,35),(235,7,88,5,0,0),(236,10.3875,29.65,25.4625,26.75,7.625),(237,12,72,11,3,1),(238,25,70,3,1,1),(239,10,42,21,22,5),(240,19,75,4,1,1),(241,2,10,30,51,7),(242,10.5765,31.0706,24.7765,26.0941,7.35294),(243,11,36,29,17,6),(244,27,65,6,1,1),(245,1,1,13,56,29),(246,34,46,18,1,1),(247,21,66,7,3,1),(248,11.0333,31.7222,24.2111,25.5111,7.36667),(249,80,17,3,0,1),(250,1,7,19,60,13),(251,36,58,5,1,1),(252,1,8,72,16,2),(253,4,6,16,50,25),(254,11.7368,31.0632,24.1474,25.5053,7.42105),(255,12,34,23,23,8),(256,14,73,8,3,1),(257,9,38,25,23,6),(258,3,9,45,26,18),(259,61,33,3,1,2),(260,12.14,31.38,23.98,24.99,7.4),(261,1,11,35,47,5),(262,12,62,17,7,2),(263,4,16,31,42,7),(264,0,0,99,0,0),(265,15,79,5,1,0),(266,11.8667,31.4857,24.619,24.7238,7.18095),(267,2,0,3,21,73),(268,3,19,66,10,2),(269,6,44,37,11,2),(270,11,27,26,28,8),(271,5,26,42,22,4),(272,11.5727,31.1091,25.0818,24.4364,7.66364),(273,23,74,3,0,0),(274,9,71,17,2,1),(275,5,55,39,1,0),(276,14,83,2,1,0),(277,12,53,15,15,4),(278,11.6174,32.6783,24.6522,23.5391,7.37391),(279,23,55,11,8,3),(280,15,55,24,5,2),(281,29,67,2,1,0),(282,3,7,19,59,13),(283,67,30,3,0,0),(284,12.275,33.1,24.1167,23.1667,7.21667),(285,19,74,5,2,1),(286,5,86,5,4,1),(287,13,67,11,7,2),(288,18,73,6,2,1),(289,52,42,3,1,1),(290,12.64,34.512,23.392,22.368,6.976),(291,11,10,11,46,23),(292,2,17,62,17,3),(293,17,56,16,8,3),(294,8,22,19,39,13),(295,1,2,18,65,15),(296,12.4538,34.0077,23.4615,22.8538,7.14615),(297,7,24,32,30,7),(298,2,10,34,48,7),(299,0,0,100,0,0),(300,9,52,28,9,2),(301,28,52,11,6,3),(302,12.3333,33.7704,24.1111,22.6963,7.02222),(303,38,57,4,0,0),(304,1,6,83,10,1),(305,16,79,3,1,1),(306,1,3,12,72,12),(307,1,3,19,69,8),(308,12.3,33.6214,24.1143,22.9714,6.92857),(309,2,11,40,40,6),(310,14,51,22,10,3),(311,2,13,35,41,9),(312,1,1,14,66,18),(313,3,40,46,9,2),(314,12.0276,33.2621,24.3655,23.3241,6.95172),(315,4,46,48,1,0),(316,1,2,19,64,13),(317,12,76,6,4,1),(318,2,11,28,51,7),(319,1,6,32,55,6),(320,11.76,33.0933,24.44,23.7133,6.9),(321,6,31,49,12,2),(322,1,4,49,43,4),(323,81,19,0,0,0),(324,2,14,64,16,3),(325,0,9,90,1,0),(326,11.9613,32.5226,25.2774,23.4129,6.73548),(327,33,65,1,1,1),(328,1,1,6,63,30),(329,22,68,8,1,1),(330,13,72,11,3,1),(331,14,80,5,0,0),(332,12.1062,33.2938,24.6812,23.1063,6.73125),(333,4,15,63,14,3),(334,0,1,41,50,7),(335,1,3,33,52,11),(336,1,1,14,63,22),(337,1,1,13,59,25),(338,11.7818,32.4121,24.9273,23.8485,6.93939),(339,0,0,99,0,0),(340,2,6,21,58,13),(341,2,8,38,47,5),(342,2,15,41,37,4),(343,3,7,12,60,18),(344,11.4882,31.6706,25.4353,24.3353,6.97059),(345,0,2,39,55,4),(346,2,7,19,58,14),(347,15,35,16,25,9),(348,1,6,80,12,1),(349,0,4,76,18,1),(350,11.2629,31.0743,26.0229,24.6,6.93714),(351,27,59,11,2,1),(352,10,76,12,1,1),(353,1,7,39,47,5),(354,1,7,21,61,10),(355,1,12,57,26,3),(356,11.1722,31.1056,26.0778,24.6778,6.85556),(357,2,14,70,13,2),(358,11.1215,31.011,26.3204,24.6133,6.82873),(359,1,16,55,25,3),(360,8,45,30,14,3),(361,2,27,57,12,2),(362,11,64,12,10,3),(363,0,7,72,19,1),(364,4.4,31.8,45.2,16,2.4),(365,13,80,4,1,1),(366,1,3,59,33,4),(367,2,12,36,43,8),(368,2,12,35,44,6),(369,9,17,15,42,18),(370,4.9,28.3,37.5,24.3,4.9),(371,8,83,8,1,0),(372,20,45,7,20,8),(373,6,53,31,8,1),(374,2,2,7,56,35),(375,1,3,22,66,9),(376,5.73333,31.2667,30,26.2667,6.8),(377,14,80,4,1,0),(378,2,5,26,57,11),(379,1,2,18,64,15),(380,16,48,7,22,7),(381,7,15,19,45,13),(382,6.3,30.95,26.2,29.15,7.4),(383,5,9,16,49,21),(384,7,19,21,43,11),(385,39,53,4,2,1),(386,16,67,10,6,2),(387,5,22,27,38,8),(388,7.92,31.56,24.08,28.84,7.64),(389,6,23,25,37,9),(390,19,53,17,8,3),(391,2,5,16,62,14),(392,2,20,52,24,3),(393,1,1,6,39,53),(394,7.6,29.7,23.9333,29.7,9.1),(395,5,26,42,22,5),(396,14,56,23,5,1),(397,1,9,69,18,2),(398,1,1,13,55,30),(399,1,7,67,22,3),(400,7.14286,28.2857,26.6286,28.9429,8.97143),(401,1,1,22,38,37),(402,14,10,15,34,26),(403,1,2,14,46,36),(404,2,9,39,42,7),(405,2,4,20,58,17),(406,6.75,25.4,26.05,30.775,10.925),(407,1,1,18,64,17),(408,20,62,11,6,2),(409,45,42,9,2,2),(410,0,4,57,35,3),(411,1,3,17,69,10),(412,7.48889,25.0667,25.6444,31.2667,10.4667),(413,1,1,11,59,27),(414,0,5,85,9,1),(415,2,14,74,9,1),(416,36,53,7,3,2),(417,3,23,52,19,3),(418,7.58,24.48,27.66,30.12,10.1),(419,8,18,19,40,14),(420,0,2,76,20,1),(421,0,1,18,73,8),(422,4,22,36,32,6),(423,5,19,45,27,5),(424,7.2,23.3818,28.6727,30.8727,9.8),(425,3,29,55,12,2),(426,15,66,15,3,1),(427,3,11,29,49,9),(428,12,58,28,2,1),(429,1,2,13,69,16),(430,7.16667,24.2,28.6167,30.55,9.46667),(431,8,43,28,17,4),(432,1,0,4,20,75),(433,2,4,26,59,10),(434,4,47,42,6,1),(435,7,12,23,44,14),(436,6.95385,23.9692,28.3077,30.4462,10.3385),(437,1,2,19,63,15),(438,2,8,34,50,7),(439,7,42,37,11,3),(440,1,2,23,65,9),(441,6.71014,23.3623,28.3043,31.4203,10.2319),(442,36,59,3,1,1),(443,1,5,23,59,11),(444,21,62,8,6,2),(445,1,0,7,60,33),(446,0,2,34,59,5),(447,11.8,25.6,15,37,10.4),(448,8,38,30,19,5),(449,8,33,25,27,7),(450,1,7,43,44,4),(451,1,10,67,20,3),(452,2,4,22,59,13),(453,7.9,22,26.2,35.4,8.4),(454,3,2,7,58,30),(455,31,67,1,0,0),(456,3,23,71,2,1),(457,2,19,63,14,1),(458,10,55,19,13,3),(459,8.53333,25.7333,28.2,29.4,7.93333),(460,1,3,23,61,13),(461,3,14,35,42,7),(462,1,0,4,26,69),(463,1,5,33,51,9),(464,1,6,56,29,7),(465,6.75,20.7,28.7,32.5,11.2),(466,1,1,12,49,37),(467,6,13,21,46,13),(468,1,3,28,54,14),(469,6,23,25,37,9),(470,2,17,26,48,6),(471,6.04,18.84,27.44,35.36,12.12),(472,0,1,23,56,19),(473,1,2,20,68,10),(474,21,76,2,0,0),(475,1,3,19,67,10),(476,2,8,23,56,11),(477,5.86667,18.7,25.7667,37.7,11.7667),(478,4,2,5,32,58),(479,37,59,2,1,1),(480,4,16,30,41,8),(481,2,18,57,21,2),(482,1,10,83,6,1),(483,6.4,19.0286,27.1429,35.2,12.0857),(484,4,30,52,12,2),(485,14,73,9,2,1),(486,4,14,22,45,13),(487,1,17,71,10,1),(488,14,60,19,6,2),(489,6.525,21.5,28.075,32.675,11.05),(490,1,1,15,67,16),(491,25,59,9,5,2),(492,3,8,23,55,12),(493,2,4,24,54,16),(494,35,58,4,1,1),(495,7.26667,22,26.6222,33.0889,10.8667),(496,1,8,43,45,4),(497,0,0,99,0,0),(498,1,3,12,70,13),(499,3,3,12,51,32),(500,7,56,32,4,1),(501,6.78,21.2,27.92,33.18,10.78),(502,2,16,63,16,2),(503,1,1,14,54,30),(504,33,57,3,4,3),(505,2,4,30,53,11),(506,1,7,43,43,6),(507,6.87273,20.8182,28.1636,33.2545,10.7455),(508,0,0,100,0,0),(509,16,57,15,9,4),(510,1,2,27,61,9),(511,3,17,41,34,5),(512,2,10,43,40,5),(513,6.66667,20.5167,29.5833,32.8833,10.2333),(514,3,7,14,55,20),(515,1,14,81,3,0),(516,0,4,36,55,5),(517,4,42,44,10,1),(518,1,1,16,59,23),(519,6.29231,19.9846,30.2462,33.1538,10.2),(520,32,57,3,5,3),(521,2,12,27,52,7),(522,1,5,33,53,8),(523,9,60,25,5,1),(524,24,68,5,2,1),(525,6.81429,21.4429,29.4143,32.4571,9.75714),(526,0,0,99,0,0),(527,26,39,5,21,9),(528,20,53,24,3,1),(529,1,5,50,39,5),(530,64,34,1,0,0),(531,7.84,21.76,29.84,31.1333,9.30667),(532,23,55,10,9,4),(533,1,5,18,65,11),(534,4,52,38,5,1),(535,0,0,100,0,0),(536,9,38,23,24,6),(537,7.8125,22.275,30.3375,30.475,9),(538,4,42,42,11,2),(539,1,8,33,51,6),(540,1,4,41,48,5),(541,42,51,4,2,1),(542,7,27,31,28,6),(543,8,22.5176,30.3294,30.3294,8.70588),(544,7,59,26,6,2),(545,8,44,26,18,4),(546,2,2,15,51,29),(547,0,7,87,4,0),(548,6,71,22,1,0),(549,7.81111,23.3,30.6,29.5333,8.61111),(550,17,42,18,17,6),(551,1,12,71,14,2),(552,1,2,13,75,9),(553,7.76344,23.1505,30.7097,29.7204,8.51613),(554,9,56,23,9,2),(555,60,39,1,0,0),(556,5,31,58,5,1),(557,42,47,4,4,3),(558,1,6,39,47,7),(559,23.4,35.8,25,13,2.6),(560,5,69,25,1,0),(561,47,49,3,0,0),(562,1,6,51,38,4),(563,2,26,61,10,1),(564,20,67,6,5,2),(565,19.2,39.6,27.1,11.9,2),(566,0,0,69,28,2),(567,2,8,36,47,7),(568,2,23,65,8,1),(569,34,59,5,1,1),(570,16,73,10,1,0),(571,16.4,37.2667,30.4,13.6,2.06667),(572,11,56,18,12,3),(573,53,45,1,0,0),(574,21,73,4,1,1),(575,2,10,39,42,6),(576,2,33,56,8,1),(577,16.75,38.8,28.7,13.35,2.1),(578,5,55,30,9,1),(579,1,6,23,63,7),(580,70,21,9,0,0),(581,36,47,15,1,1),(582,21,62,12,3,1),(583,18.72,38.68,26.52,13.72,2.08),(584,1,20,70,8,1),(585,11,51,22,12,3),(586,12,47,11,22,7),(587,10,72,13,4,1),(588,8,43,36,11,2),(589,17,40,27.1667,13.3333,2.2),(590,1,14,74,10,1),(591,19,58,18,4,2),(592,10,54,20,12,3),(593,12,77,9,1,0),(594,23,70,5,2,1),(595,16.4286,42.0857,26.8857,12.2571,2.08571),(596,17,78,4,1,0),(597,10,38,22,25,6),(598,16,80,3,1,0),(599,4,41,47,7,1),(600,1,18,61,17,2),(601,15.575,43.2,26.95,12,2.05),(602,8,37,46,8,2),(603,2,8,31,49,9),(604,3,43,50,3,1),(605,44,52,1,2,2),(606,1,3,25,58,13),(607,15.1333,41.5778,27.3556,13.3333,2.42222),(608,11,63,19,5,2),(609,27,46,12,9,6),(610,15,56,19,8,3),(611,1,7,16,63,12),(612,20,76,4,0,0),(613,15.1,42.38,26.02,13.7,2.64),(614,4,58,35,3,1),(615,16,25,7,35,17),(616,7,13,25,42,13),(617,2,8,33,51,6),(618,3,25,41,27,4),(619,14.3091,40.8727,26.2182,15.3273,3.14545),(620,6,45,37,10,2),(621,13,42,21,18,6),(622,3,45,47,4,1),(623,47,39,11,1,1),(624,8,26,28,31,8),(625,14.4,40.75,26.4333,15.1167,3.18333),(626,11,28,22,30,9),(627,1,11,70,17,1),(628,41,57,1,0,0),(629,6,23,25,37,9),(630,2,22,65,9,1),(631,14.2308,39.7846,27.2154,15.3846,3.24615),(632,6,34,33,21,5),(633,8,38,35,15,4),(634,1,2,26,56,16),(635,72,26,2,0,0),(636,29,62,5,3,1),(637,14.8714,39.2571,26.7143,15.6429,3.38571),(638,3,15,38,38,6),(639,51,44,1,2,2),(640,15,48,10,20,6),(641,19,43,14,17,7),(642,2,10,35,47,6),(643,15.08,38.7733,26.24,16.2533,3.52),(644,7,22,24,39,9),(645,1,5,32,57,5),(646,14,62,19,4,1),(647,22,70,5,2,1),(648,1,11,84,3,1),(649,14.7,38.475,26.65,16.55,3.5125),(650,9,3,7,33,47),(651,17,63,10,7,3),(652,29,60,9,1,1),(653,2,10,26,54,8),(654,14,69,14,2,1),(655,14.6706,38.6235,25.8588,16.7176,4.01176),(656,35,61,2,1,1),(657,20,71,6,2,1),(658,5,44,40,8,2),(659,0,1,29,62,8),(660,9,16,15,44,17),(661,14.6222,38.6222,25.4444,17.0889,4.11111),(662,1,0,2,13,85),(663,1,2,16,66,15),(664,13,56,16,11,3),(665,39,57,3,1,1),(666,21,49,13,12,5),(667,14.6421,38.3158,24.6316,17.2737,5.04211),(668,28,60,8,2,1),(669,5,25,34,31,6),(670,25,63,11,1,0),(671,31,68,1,0,0),(672,1,25,64,9,1),(673,14.81,38.81,24.58,16.84,4.87),(674,4,23,58,12,2),(675,0,3,35,56,6),(676,22,64,9,4,2),(677,10,55,14,17,4),(678,0,2,31,59,7),(679,14.4476,38.3619,24.8095,17.4476,4.8381),(680,7,37,34,18,4),(681,23,69,6,1,1),(682,14.4579,38.6355,24.7196,17.2991,4.79439),(683,23,70,5,2,1),(684,6,49,32,11,2),(685,19,73,6,2,1),(686,2,16,62,18,3),(687,0,2,38,55,5),(688,10,42,28.6,17.6,2.4),(689,5,30,37,24,4),(690,7,78,11,3,1),(691,0,7,88,5,1),(692,7,36,30,22,5),(693,43,50,4,2,1),(694,11.2,41.1,31.3,14.4,2.4),(695,2,13,44,36,5),(696,12,58,16,10,3),(697,1,10,81,7,1),(698,11,37,22,25,6),(699,5,44,40,8,2),(700,9.53333,38.2,34.4,15.3333,2.73333),(701,1,4,22,62,11),(702,67,33,0,0,0),(703,34,61,3,1,1),(704,39,59,1,0,0),(705,4,28,42,23,4),(706,14.4,37.9,29.2,15.8,2.85),(707,10,68,16,4,1),(708,0,3,91,5,0),(709,33,67,0,0,0),(710,0,2,26,63,9),(711,45,50,3,1,1),(712,15.04,37.92,28.8,15.56,2.72),(713,2,4,11,66,17),(714,35,47,6,8,4),(715,1,6,27,58,7),(716,9,18,18,32,22),(717,16,53,16,12,4),(718,14.6333,35.8667,26.6,18.8333,4.06667),(719,33,57,5,4,2),(720,1,30,67,1,0),(721,37,52,8,2,1),(722,6,32,29,27,6),(723,4,15,24,49,8),(724,14.8571,36.0571,26.6,18.5143,3.97143),(725,1,18,71,9,1),(726,4,42,32,19,3),(727,1,20,75,4,1),(728,74,26,0,0,0),(729,2,6,22,58,12),(730,15.05,34.35,28.275,18.45,3.9),(731,4,23,46,24,4),(732,4,11,20,52,13),(733,5,37,40,15,3),(734,13,62,17,6,2),(735,29,67,3,1,0),(736,14.6,34.9778,27.9333,18.5778,3.95556),(737,2,22,32,39,6),(738,15,46,20,14,5),(739,0,0,100,0,0),(740,4,59,31,5,1),(741,26,65,7,1,1),(742,14.08,35.32,28.94,17.9,3.82),(743,2,13,43,37,5),(744,3,11,31,45,11),(745,27,67,3,2,1),(746,72,27,0,0,1),(747,5,31,54,8,2),(748,14.7818,34.8182,28.6909,17.9455,3.83636),(749,17,70,10,2,1),(750,12,57,20,8,2),(751,1,5,18,65,11),(752,5,26,42,22,4),(753,2,0,4,34,60),(754,14.1667,34.55,27.8667,18.6333,4.81667),(755,8,55,26,9,2),(756,1,11,66,19,3),(757,1,9,49,36,5),(758,2,19,45,29,4),(759,4,22,30,38,7),(760,13.3231,33.6769,29.0462,19.2154,4.76923),(761,2,10,33,48,7),(762,6,46,44,3,1),(763,26,49,11,10,4),(764,14,72,9,3,1),(765,8,23,22,37,10),(766,13.1714,34.1286,28.6714,19.2857,4.75714),(767,19,64,9,6,2),(768,9,51,30,8,2),(769,3,3,13,55,25),(770,13,58,14,11,3),(771,10,54,14,19,3),(772,13.0133,34.92,27.8267,19.32,4.90667),(773,16,69,10,3,1),(774,0,1,11,75,13),(775,3,3,9,46,39),(776,7,27,23,36,8),(777,3,8,16,60,13),(778,12.5625,34.0875,26.95,20.8625,5.525),(779,7,25,19,40,9),(780,12,49,21,13,5),(781,1,0,9,32,57),(782,4,17,32,39,8),(783,0,3,77,18,2),(784,12.1059,33.1882,27.2235,21.3059,6.15294),(785,16,64,14,4,1),(786,0,1,13,59,27),(787,12.0115,33.1724,26.908,21.5402,6.33333),(788,23,70,5,2,1),(789,6,49,32,11,2),(790,19,73,6,2,1),(791,2,16,62,18,3),(792,0,2,38,55,5),(793,10,42,28.6,17.6,2.4),(794,5,30,37,24,4),(795,7,78,11,3,1),(796,0,7,88,5,1),(797,7,36,30,22,5),(798,43,50,4,2,1),(799,11.2,41.1,31.3,14.4,2.4),(800,2,13,44,36,5),(801,12,58,16,10,3),(802,1,10,81,7,1),(803,11,37,22,25,6),(804,5,44,40,8,2),(805,9.53333,38.2,34.4,15.3333,2.73333),(806,1,4,22,62,11),(807,67,33,0,0,0),(808,34,61,3,1,1),(809,39,59,1,0,0),(810,4,28,42,23,4),(811,14.4,37.9,29.2,15.8,2.85),(812,10,68,16,4,1),(813,0,3,91,5,0),(814,33,67,0,0,0),(815,0,2,26,63,9),(816,45,50,3,1,1),(817,15.04,37.92,28.8,15.56,2.72),(818,2,4,11,66,17),(819,35,47,6,8,4),(820,1,6,27,58,7),(821,9,18,18,32,22),(822,16,53,16,12,4),(823,14.6333,35.8667,26.6,18.8333,4.06667),(824,33,57,5,4,2),(825,1,30,67,1,0),(826,37,52,8,2,1),(827,6,32,29,27,6),(828,4,15,24,49,8),(829,14.8571,36.0571,26.6,18.5143,3.97143),(830,1,18,71,9,1),(831,4,42,32,19,3),(832,1,20,75,4,1),(833,74,26,0,0,0),(834,2,6,22,58,12),(835,15.05,34.35,28.275,18.45,3.9),(836,4,23,46,24,4),(837,4,11,20,52,13),(838,5,37,40,15,3),(839,13,62,17,6,2),(840,29,67,3,1,0),(841,14.6,34.9778,27.9333,18.5778,3.95556),(842,2,22,32,39,6),(843,15,46,20,14,5),(844,0,0,100,0,0),(845,4,59,31,5,1),(846,26,65,7,1,1),(847,14.08,35.32,28.94,17.9,3.82),(848,2,13,43,37,5),(849,3,11,31,45,11),(850,27,67,3,2,1),(851,72,27,0,0,1),(852,5,31,54,8,2),(853,14.7818,34.8182,28.6909,17.9455,3.83636),(854,17,70,10,2,1),(855,12,57,20,8,2),(856,1,5,18,65,11),(857,5,26,42,22,4),(858,2,0,4,34,60),(859,14.1667,34.55,27.8667,18.6333,4.81667),(860,8,55,26,9,2),(861,1,11,66,19,3),(862,1,9,49,36,5),(863,2,19,45,29,4),(864,4,22,30,38,7),(865,13.3231,33.6769,29.0462,19.2154,4.76923),(866,2,10,33,48,7),(867,6,46,44,3,1),(868,26,49,11,10,4),(869,14,72,9,3,1),(870,8,23,22,37,10),(871,13.1714,34.1286,28.6714,19.2857,4.75714),(872,19,64,9,6,2),(873,9,51,30,8,2),(874,3,3,13,55,25),(875,13,58,14,11,3),(876,10,54,14,19,3),(877,13.0133,34.92,27.8267,19.32,4.90667),(878,16,69,10,3,1),(879,0,1,11,75,13),(880,3,3,9,46,39),(881,7,27,23,36,8),(882,3,8,16,60,13),(883,12.5625,34.0875,26.95,20.8625,5.525),(884,7,25,19,40,9),(885,12,49,21,13,5),(886,1,0,9,32,57),(887,4,17,32,39,8),(888,0,3,77,18,2),(889,12.1059,33.1882,27.2235,21.3059,6.15294),(890,16,64,14,4,1),(891,0,1,13,59,27),(892,12.0115,33.1724,26.908,21.5402,6.33333),(893,9,30,29,25,7),(894,3,16,42,33,5),(895,1,4,54,32,9),(896,0,0,98,1,0),(897,59,40,0,0,0),(898,14.4,18,44.6,18.2,4.2),(899,13,45,20,17,5),(900,40,53,3,3,2),(901,5,17,40,30,7),(902,35,64,1,0,0),(903,5,40,50,5,1),(904,17,30.9,33.7,14.6,3.6),(905,7,27,23,34,9),(906,36,57,4,1,1),(907,1,4,33,54,9),(908,2,1,10,61,26),(909,2,9,39,44,7),(910,14.5333,27.1333,29.7333,22.6667,5.86667),(911,0,2,96,2,0),(912,1,9,29,56,5),(913,2,4,20,62,12),(914,1,7,75,14,2),(915,1,2,13,65,19),(916,11.15,21.55,33.95,26.95,6.3),(917,4,23,58,12,2),(918,0,6,89,4,0),(919,1,9,83,6,1),(920,23,70,5,2,1),(921,1,11,84,3,0),(922,10.08,22,39.92,22.64,5.2),(923,1,13,40,43,4),(924,1,21,74,4,0),(925,4,46,40,8,2),(926,19,56,24,1,0),(927,5,27,27,35,6),(928,9.4,23.7667,40.1,21.9,4.73333),(929,9,63,14,11,3),(930,1,1,10,75,13),(931,6,34,31,24,5),(932,4,4,13,50,28),(933,21,71,5,1,1),(934,9.22857,25.3143,36.4571,23.3714,5.48571),(935,5,17,22,45,10),(936,0,0,100,0,0),(937,33,66,1,0,0),(938,34,48,5,8,5),(939,1,16,71,11,1),(940,9.9,25.825,36.875,22.05,5.2),(941,4,23,58,12,2),(942,1,12,80,7,1),(943,7,52,36,5,1),(944,16,79,4,1,0),(945,15,60,15,8,3),(946,9.75556,27.9778,37.0667,20.3333,4.77778),(947,4,36,33,23,5),(948,14,60,13,10,4),(949,2,14,50,29,4),(950,3,17,35,37,8),(951,3,14,35,41,6),(952,9.3,28,36.68,21.1,4.84),(953,5,56,25,11,2),(954,29,45,7,12,7),(955,0,7,92,1,0),(956,0,0,100,0,0),(957,13,65,17,5,1),(958,9.30909,28.6,37.7273,19.7091,4.58182),(959,3,23,64,9,1),(960,14,35,17,25,9),(961,3,25,49,21,3),(962,9,24,22,36,10),(963,2,9,30,53,6),(964,9.05,28.15,37.6167,20.4667,4.68333),(965,6,51,30,11,2),(966,0,6,64,27,2),(967,7,42,34,14,3),(968,67,29,3,1,1),(969,3,38,58,2,0),(970,9.63077,28.5385,37.6308,19.7385,4.44615),(971,10,35,19,28,8),(972,5,32,33,25,5),(973,32,52,13,2,1),(974,17,70,10,2,1),(975,29,60,7,3,1),(976,10.2714,30.0571,36.1143,19.1857,4.35714),(977,5,21,22,43,9),(978,4,53,35,6,1),(979,0,11,85,4,0),(980,15,67,13,4,1),(981,1,20,75,4,1),(982,9.92,30.3467,36.7733,18.72,4.22667),(983,23,75,1,0,0),(984,8,50,40,1,0),(985,4,17,41,33,6),(986,27,58,12,2,1),(987,3,19,39,33,5),(988,10.1125,31.1875,36.1375,18.4125,4.1125),(989,1,1,13,59,25),(990,5,38,48,7,2),(991,15,32,13,28,11),(992,9,37,41,10,3),(993,26,69,3,1,1),(994,10.1765,31.4353,35.4,18.5647,4.36471),(995,20,70,7,2,1),(996,18,39,12,23,8),(997,9,31,27,27,7),(998,19,74,5,1,1),(999,17,49,12,16,6),(1000,10.5333,32.6111,34.1333,18.3,4.37778),(1001,0,4,57,36,3),(1002,2,3,6,57,32),(1003,3,32,48,16,2),(1004,38,50,11,0,0),(1005,7,27,22,36,9),(1006,10.5053,32.1158,33.8526,18.8632,4.63158),(1007,1,2,16,68,14),(1008,20,64,10,4,2),(1009,2,19,58,19,2),(1010,71,29,0,0,0),(1011,15,50,21,11,3),(1012,11.07,32.15,33.21,18.94,4.61),(1013,2,6,22,60,10),(1014,10,44,27,16,4),(1015,1,8,57,31,3),(1016,4,8,15,54,18),(1017,1,1,9,53,37),(1018,10.7143,31.2571,32.8667,20.0762,5.07619),(1019,0,0,100,0,0),(1020,3,13,45,33,6),(1021,18,62,6,10,3),(1022,24,71,4,1,0),(1023,27,33,6,24,11),(1024,10.8818,31.4636,32.8364,19.7818,5.02727),(1025,29,66,3,1,1),(1026,29,53,13,4,2),(1027,9,40,21,24,6),(1028,25,72,2,0,0),(1029,1,2,17,64,16),(1030,11.2174,32.1217,31.8957,19.7304,5.02609),(1031,64,34,2,0,0),(1032,49,49,1,1,1),(1033,1,2,21,60,15),(1034,15,76,7,2,1),(1035,1,5,49,41,5),(1036,11.8333,32.1667,31.2333,19.775,5),(1037,9,75,15,0,0),(1038,7,21,16,44,12),(1039,5,19,38,28,11),(1040,11.7154,32.3171,31.0325,19.878,5.06504),(1041,0,0,0,0,0),(1042,6,39,30,22,4),(1043,11,17,17,40,15),(1044,2,9,31,50,8),(1045,2,10,53,29,6),(1046,37,57,4,1,1),(1047,11.6,26.4,27,28.4,6.8),(1048,5,30,36,25,5),(1049,1,3,40,46,10),(1050,25,73,2,0,0),(1051,3,13,30,46,9),(1052,46,48,3,2,1),(1053,13.8,29.9,24.6,26.1,5.9),(1054,3,29,51,14,2),(1055,2,7,16,66,9),(1056,12,49,20,15,4),(1057,18,15,7,37,22),(1058,15,28,12,32,13),(1059,12.5333,28.4667,23.4667,28.3333,7.26667),(1060,1,18,61,18,2),(1061,8,37,22,28,6),(1062,3,11,18,56,12),(1063,19,72,5,3,1),(1064,43,54,2,0,0),(1065,13.1,30.95,23,26.5,6.5),(1066,26,68,4,2,1),(1067,5,58,33,4,1),(1068,47,46,2,3,3),(1069,1,24,63,10,1),(1070,1,5,64,27,2),(1071,13.68,32.8,25.04,23.04,5.52),(1072,1,6,80,12,1),(1073,1,0,7,41,51),(1074,23,61,7,5,3),(1075,37,45,15,2,1),(1076,1,3,21,58,16),(1077,13.5,31.1667,25.2,23.1333,7),(1078,3,10,22,57,9),(1079,50,39,8,1,1),(1080,8,6,9,46,32),(1081,17,55,16,9,3),(1082,17,50,18,11,4),(1083,14.2857,31.2857,23.6857,23.3714,7.4),(1084,1,2,23,65,9),(1085,2,8,25,51,15),(1086,1,5,63,28,3),(1087,2,10,64,22,3),(1088,8,40,23,24,5),(1089,12.85,29,25.675,25.2,7.35),(1090,61,29,8,1,1),(1091,12,50,23,12,3),(1092,32,58,4,3,3),(1093,45,49,4,1,1),(1094,9,18,14,46,14),(1095,14.9556,30.3111,24,23.8,7.02222),(1096,1,2,21,62,14),(1097,11,69,13,5,1),(1098,7,61,28,3,1),(1099,1,5,57,33,4),(1100,88,4,2,2,3),(1101,15.62,30.1,24.02,23.52,6.78),(1102,2,29,46,21,3),(1103,5,54,26,12,2),(1104,15.1538,30.5385,24.4808,23.25,6.61538),(1105,0,0,100,0,0),(1106,3,10,24,54,9),(1107,10,87,3,0,0),(1108,1,4,31,56,8),(1109,10,15,7,45,23),(1110,4.8,23.2,33,31,8),(1111,30,62,5,2,1),(1112,1,5,33,53,8),(1113,55,35,8,1,1),(1114,8,23,21,37,11),(1115,11,53,20,12,3),(1116,12.9,29.4,25.2,26,6.4),(1117,1,4,38,50,7),(1118,47,44,7,1,1),(1119,4,50,37,7,1),(1120,2,14,42,38,5),(1121,8,47,28,13,3),(1122,12.7333,30.2,26.9333,24.6,5.4),(1123,29,65,4,1,1),(1124,5,27,37,26,5),(1125,4,26,40,25,5),(1126,1,10,48,36,5),(1127,13,80,5,2,1),(1128,12.15,33.05,26.9,22.95,4.9),(1129,4,15,30,43,8),(1130,2,33,30,30,4),(1131,49,50,1,0,0),(1132,10,53,25,9,3),(1133,7,62,30,1,0),(1134,12.6,34.96,26.16,21.68,4.52),(1135,0,6,92,1,0),(1136,57,35,6,1,1),(1137,1,3,11,74,11),(1138,1,2,18,62,17),(1139,15,29,16,29,11),(1140,12.9667,31.6333,26.5667,23.6333,5.1),(1141,1,5,49,40,5),(1142,1,7,88,4,1),(1143,4,15,24,46,11),(1144,18,60,20,1,1),(1145,0,1,93,5,0),(1146,11.8,29.6286,30.6,23,4.88571),(1147,1,5,36,55,3),(1148,12,38,21,22,8),(1149,17,74,6,2,1),(1150,12,65,17,5,1),(1151,0,6,91,2,0),(1152,11.375,30.625,31.05,22.275,4.6),(1153,6,22,23,40,9),(1154,32,63,5,0,0),(1155,20,77,2,0,0),(1156,1,2,24,63,10),(1157,11,25,18,32,13),(1158,11.6667,31.4222,29.2,22.8,4.8),(1159,1,2,20,67,10),(1160,16,45,25,10,4),(1161,1,7,87,5,1),(1162,2,5,25,57,12),(1163,11.1224,30.0612,30.0204,23.7755,4.95918),(1164,1,2,17,60,21),(1165,14,52,22,9,3),(1166,1,2,12,67,18),(1167,1,32,60,6,1),(1168,27,61,6,4,2),(1169,8.8,29.8,23.4,29.2,9),(1170,20,66,9,4,1),(1171,32,61,5,1,1),(1172,4,27,45,20,4),(1173,29,56,9,3,2),(1174,15,68,11,5,2),(1175,14.4,42.7,19.6,17.9,5.5),(1176,23,74,3,0,0),(1177,4,27,46,21,3),(1178,4,31,44,19,3),(1179,23,74,2,1,1),(1180,8,31,29,25,6),(1181,13.7333,44.2667,21.3333,16.3333,4.53333),(1182,11,46,19,19,5),(1183,5,29,34,28,4),(1184,33,58,4,3,2),(1185,73,22,4,0,1),(1186,10,34,26,24,6),(1187,16.9,42.65,20.35,15.95,4.3),(1188,18,50,15,12,5),(1189,14,45,22,15,5),(1190,2,13,78,6,1),(1191,5,27,37,27,5),(1192,38,57,3,1,1),(1193,16.6,41.8,22.48,15.2,4.12),(1194,2,37,42,17,2),(1195,4,28,38,26,4),(1196,8,74,16,1,0),(1197,2,16,27,48,7),(1198,7,33,28,26,7),(1199,14.6,41.1,23.7667,16.6,4.1),(1200,3,25,60,11,2),(1201,19,39,16,17,9),(1202,33,49,11,4,3),(1203,31,67,1,0,0),(1204,1,8,57,31,3),(1205,15,40.6,24.5143,16.0286,4),(1206,64,32,3,1,1),(1207,1,17,76,5,1),(1208,7,76,15,2,1),(1209,24,58,7,7,3),(1210,1,4,38,53,5),(1211,15.55,40.2,24.925,15.725,3.775),(1212,65,33,1,0,1),(1213,8,26,34,26,7),(1214,16,76,7,1,0),(1215,3,14,19,54,9),(1216,16.2273,39.9318,24.0455,16.1364,3.81818),(1217,14,58,17,9,3),(1218,1,1,15,45,37),(1219,1,3,27,57,12),(1220,5,25,42,23,4),(1221,2,15,58,23,3),(1222,4.6,20.4,31.8,31.4,11.8),(1223,2,35,43,18,2),(1224,22,56,13,6,3),(1225,3,27,45,22,3),(1226,0,3,87,9,1),(1227,7,38,34,17,4),(1228,5.7,26.1,38.1,22.9,7.2),(1229,1,7,47,41,4),(1230,5.27273,24.3636,38.9091,24.5455,6.90909),(1231,2,18,71,7,1),(1232,0,2,47,47,4),(1233,14,38,22,20,7),(1234,3,6,15,60,16),(1235,3,29,50,16,2),(1236,4.4,18.6,41,30,6),(1237,4,28,53,12,2),(1238,64,34,2,0,0),(1239,26,73,1,0,0),(1240,2,51,42,4,1),(1241,21,64,12,1,1),(1242,13.9,34.3,31.5,16.7,3.4),(1243,2,4,15,64,15),(1244,2,5,21,62,10),(1245,3,22,50,21,3),(1246,2,10,21,59,8),(1247,47,50,2,0,0),(1248,13,28.9333,28.2667,24.8667,4.66667),(1249,0,3,66,29,2),(1250,55,44,1,0,0),(1251,9,44,14,25,7),(1252,14.3889,29.1667,28.0556,23.7222,4.38889),(1279,2,11,11,67,10),(1280,3,43,51,2,0),(1281,3,15,32,44,6),(1282,0,6,91,3,0),(1283,0,6,92,2,0),(1284,5,28,32,29,6),(1285,1,3,34,56,5),(1286,1,1,10,71,17),(1287,0,2,21,71,6),(1288,3,19,45,28,5),(1289,1.8,13.4,41.9,37.3,5.5),(1290,1.8,13.4,41.9,37.3,5.5),(1291,0,8,90,2,0),(1292,2,13,45,35,5),(1293,26,63,4,4,2),(1294,14,62,16,5,2),(1295,16,69,11,2,1),(1296,18,56,23,2,1),(1297,12,34,22,24,8),(1298,2,18,70,9,1),(1299,20,62,13,4,1),(1300,0,6,92,1,0),(1301,28,69,2,1,0),(1302,1,11,75,12,2),(1303,77,22,1,0,0),(1304,3,28,47,19,3),(1305,27,70,2,0,0),(1306,70,28,2,0,0),(1307,2,16,65,15,2),(1308,10,78,11,1,0),(1309,18.2222,39.6111,32.8333,7.55556,1.55556),(1310,18.2222,39.6111,32.8333,7.55556,1.55556),(1311,31,63,4,1,1),(1312,0,0,99,0,0),(1313,75,25,0,0,0),(1314,25,39,7,19,9),(1315,12,10,14,29,35),(1316,7,44,34,12,3),(1317,14,61,16,7,2),(1318,28,59,11,1,1),(1319,2,7,45,40,7),(1320,0,1,12,74,13),(1321,19.4,30.9,24.2,18.3,7.1),(1322,19.4,30.9,24.2,18.3,7.1),(1323,0,3,82,14,1),(1324,5,40,40,13,2),(1325,0,3,89,7,1),(1326,0,2,87,10,1),(1327,6,13,21,48,12),(1328,0,8,90,2,0),(1329,5,49,36,9,2),(1330,2,31,58,8,1),(1331,16,71,7,5,2),(1332,3,17,39,35,5),(1333,3.7,23.7,54.9,15.1,2.7),(1334,3.7,23.7,54.9,15.1,2.7),(1335,0,3,82,14,1),(1336,5,40,40,13,2),(1337,0,3,89,7,1),(1338,0,2,87,10,1),(1339,6,13,21,48,12),(1340,0,8,90,2,0),(1341,5,49,36,9,2),(1342,2,31,58,8,1),(1343,16,71,7,5,2),(1344,3,17,39,35,5),(1345,3.7,23.7,54.9,15.1,2.7),(1346,0,3,82,14,1),(1347,5,40,40,13,2),(1348,0,3,89,7,1),(1349,0,2,87,10,1),(1350,6,13,21,48,12),(1351,0,8,90,2,0),(1352,5,49,36,9,2),(1353,2,31,58,8,1),(1354,16,71,7,5,2),(1355,3,17,39,35,5),(1356,3.7,23.7,54.9,15.1,2.7),(1357,3.7,23.7,54.9,15.1,2.7),(1358,0,3,82,14,1),(1359,5,40,40,13,2),(1360,0,3,89,7,1),(1361,0,2,87,10,1),(1362,6,13,21,48,12),(1363,0,8,90,2,0),(1364,5,49,36,9,2),(1365,2,31,58,8,1),(1366,16,71,7,5,2),(1367,3,17,39,35,5),(1368,3.7,23.7,54.9,15.1,2.7),(1369,3.7,23.7,54.9,15.1,2.7),(1370,0,3,82,14,1),(1371,5,40,40,13,2),(1372,0,3,89,7,1),(1373,0,2,87,10,1),(1374,6,13,21,48,12),(1375,0,8,90,2,0),(1376,5,49,36,9,2),(1377,2,31,58,8,1),(1378,16,71,7,5,2),(1379,3,17,39,35,5),(1380,3.7,23.7,54.9,15.1,2.7),(1381,3.7,23.7,54.9,15.1,2.7),(1382,0,3,82,14,1),(1383,5,40,40,13,2),(1384,0,3,89,7,1),(1385,0,2,87,10,1),(1386,6,13,21,48,12),(1387,0,8,90,2,0),(1388,5,49,36,9,2),(1389,2,31,58,8,1),(1390,16,71,7,5,2),(1391,3,17,39,35,5),(1392,3.7,23.7,54.9,15.1,2.7),(1393,3.7,23.7,54.9,15.1,2.7),(1394,0,3,82,14,1),(1395,5,40,40,13,2),(1396,0,3,89,7,1),(1397,0,2,87,10,1),(1398,6,13,21,48,12),(1399,0,8,90,2,0),(1400,5,49,36,9,2),(1401,2,31,58,8,1),(1402,16,71,7,5,2),(1403,3,17,39,35,5),(1404,3.7,23.7,54.9,15.1,2.7),(1405,3.7,23.7,54.9,15.1,2.7),(1406,0,3,82,14,1),(1407,5,40,40,13,2),(1408,0,3,89,7,1),(1409,0,2,87,10,1),(1410,6,13,21,48,12),(1411,0,8,90,2,0),(1412,5,49,36,9,2),(1413,2,31,58,8,1),(1414,16,71,7,5,2),(1415,3,17,39,35,5),(1416,3.7,23.7,54.9,15.1,2.7),(1417,3.7,23.7,54.9,15.1,2.7),(1418,0,3,82,14,1),(1419,5,40,40,13,2),(1420,0,3,89,7,1),(1421,0,2,87,10,1),(1422,6,13,21,48,12),(1423,0,8,90,2,0),(1424,5,49,36,9,2),(1425,2,31,58,8,1),(1426,16,71,7,5,2),(1427,3,17,39,35,5),(1428,3.7,23.7,54.9,15.1,2.7),(1429,9,43,20,23,5),(1430,25,62,7,4,2),(1431,2,6,16,64,12),(1432,27,64,5,2,1),(1433,2,4,22,60,12),(1434,1,12,79,7,1),(1435,1,2,19,58,20),(1436,0,3,92,5,0),(1437,38,56,4,1,1),(1438,68,28,3,0,0),(1439,10.5,25.85,40.8,18.75,4.05),(1440,0,2,31,60,7),(1441,1,15,68,14,2),(1442,1,1,9,61,28),(1443,0,0,99,0,0),(1444,1,13,72,12,1),(1445,15,68,14,2,1),(1446,1,3,20,67,9),(1447,27,53,7,9,4),(1448,2,3,12,61,22),(1449,1,16,75,7,1),(1450,8.63333,23.0333,40.7667,22.2667,5.2),(1451,1,2,26,53,18),(1452,1,2,24,64,10),(1453,5,64,29,2,0),(1454,8,26,22,35,9),(1455,1,4,39,49,6),(1456,7.85714,22.5429,38.9429,24.8857,5.68571),(1457,2,17,38,37,5),(1458,2,29,58,9,1),(1459,13,80,6,0,0),(1460,4,25,49,18,4),(1461,1,2,15,56,26),(1462,4,25,54,14,3),(1463,1,1,20,45,32),(1464,0,11,86,2,0),(1465,1,3,47,45,4),(1466,38,55,3,2,1),(1467,6.6,24.8,37.6,22.8,7.6),(1468,2,3,13,37,44),(1469,0,0,99,0,0),(1470,1,1,14,62,22),(1471,8,41,41,8,2),(1472,8,68,20,3,1),(1473,4,8,22,54,13),(1474,4,32,52,10,2),(1475,29,60,7,3,1),(1476,2,7,38,46,7),(1477,5,33,42,17,3),(1478,6.45,25.05,36.2,23.4,8.55),(1479,4,23,37,31,5),(1480,6,34,51,7,2),(1481,1,4,61,31,3),(1482,6.08696,24.4348,37.9565,23.3478,7.86957),(1483,3,10,33,46,8),(1484,15,51,16,14,4),(1485,9,30.5,24.5,30,6),(1486,17,66,14,2,1),(1487,3,1,20,17,59),(1488,1,3,23,57,16),(1489,20,38,8,24,10),(1490,10.25,27,16.25,25,21.5),(1491,7,14,18,46,15),(1492,6,21,25,39,10),(1493,2,11,31,48,8),(1494,8,40,30,17,5),(1495,8,57,19,14,3),(1496,6.2,28.6,24.6,32.8,8.2),(1497,12,40,25,19,5),(1498,3,14,38,38,7),(1499,31,41,12,11,6),(1500,5,14,17,49,14),(1501,16,82,2,0,0),(1502,9.8,33.4,21.7,28.1,7.3),(1503,10,39,24,21,5),(1504,26,17,6,28,23),(1505,31,58,8,1,1),(1506,2,7,20,60,10),(1507,32,56,6,4,3),(1508,13.2667,34.0667,18.7333,26.3333,7.66667),(1509,1,12,42,40,4),(1510,7,34,38,17,4),(1511,19,38,14,21,9),(1512,51,39,8,1,1),(1513,44,35,10,6,4),(1514,16.05,33.45,19.65,24,6.85),(1515,28,52,10,7,3),(1516,10,71,10,7,2),(1517,3,8,25,49,14),(1518,14,81,4,2,1),(1519,15,46,15,18,6),(1520,15.64,37.08,18.28,22.52,6.52),(1521,29,54,7,6,3),(1522,11,42,26,17,4),(1523,30,53,7,7,4),(1524,24,53,18,3,1),(1525,5,15,22,48,10),(1526,16.3333,38.1333,17.9,21.4667,6.16667),(1527,2,28,49,18,3),(1528,41,48,10,1,0),(1529,1,25,64,9,1),(1530,47,50,3,0,0),(1531,43,52,4,1,1),(1532,17.8286,38.4857,19.0571,19.2286,5.42857),(1533,19,51,8,16,6),(1534,33,36,4,15,11),(1535,79,19,2,0,0),(1536,2,2,14,61,21),(1537,1,1,13,50,35),(1538,18.95,36.4,17.7,20.375,6.575),(1539,5,28,39,22,5),(1540,4,13,15,52,15),(1541,44,53,2,1,1),(1542,1,3,30,58,8),(1543,0,2,96,2,0),(1544,18.0444,34.5556,19.7778,21.1111,6.48889),(1545,26,66,4,3,1),(1546,23,70,5,2,1),(1547,3,15,33,43,7),(1548,26,69,3,1,1),(1549,31,62,3,2,1),(1550,18.42,36.74,18.76,20.02,6.06),(1551,6,23,24,35,11),(1552,3,45,48,2,1),(1553,1,17,48,30,3),(1554,2,7,27,55,8),(1555,39,52,2,4,3),(1556,17.6727,36.0182,19.7636,20.4909,5.98182),(1557,3,50,46,1,0),(1558,22,54,20,3,1),(1559,8,32,29,25,6),(1560,8,77,13,1,0),(1561,1,0,5,38,55),(1562,16.9,36.5667,20,19.9167,6.51667),(1563,10,53,24,10,3),(1564,1,3,19,68,9),(1565,3,11,32,46,8),(1566,17,69,10,4,1),(1567,13,47,31,7,2),(1568,16.2769,36.5692,20.2462,20.4615,6.36923),(1569,4,23,58,12,2),(1570,4,42,41,12,2),(1571,0,6,85,9,1),(1572,1,23,73,3,0),(1573,2,10,35,47,6),(1574,15.2714,35.4429,22.9714,20.1857,6.07143),(1575,12,37,27,17,6),(1576,2,27,61,9,1),(1577,1,3,25,56,15),(1578,13,44,17,21,6),(1579,1,1,21,61,16),(1580,14.64,34.5733,23.4533,21.0267,6.25333),(1581,13,75,9,2,1),(1582,9,52,28,8,2),(1583,5,62,30,3,1),(1584,17,79,3,1,0),(1585,2,18,35,39,5),(1586,14.3,35.9875,23.3,20.375,5.975),(1587,16,62,10,9,3),(1588,0,2,45,49,4),(1589,3,17,41,33,6),(1590,8,67,19,5,1),(1591,5,6,14,51,24),(1592,13.8353,35.6824,23.4471,20.9059,6.07059),(1593,1,4,17,66,12),(1594,0,2,97,1,0),(1595,2,4,14,61,19),(1596,1,6,27,56,10),(1597,1,19,74,5,1),(1598,13.1222,34.0889,24.6889,21.8444,6.2),(1599,29,67,2,1,1),(1600,2,6,23,55,14),(1601,2,8,20,60,10),(1602,7,11,13,50,18),(1603,5,25,37,27,6),(1604,12.9053,33.5263,24.3895,22.7263,6.38947),(1605,2,7,27,55,9),(1606,1,2,19,62,16),(1607,1,15,75,7,1),(1608,0,3,49,44,3),(1609,3,24,45,25,4),(1610,12.33,32.36,25.32,23.52,6.4),(1611,7,15,52,21,5),(1612,1,4,21,67,8),(1613,32,55,6,5,2),(1614,0,0,8,67,25),(1615,2,12,37,43,6),(1616,12.1429,31.6381,25.2952,24.3333,6.53333),(1617,26,67,5,1,1),(1618,12.2736,31.9717,25.1038,24.1132,6.48113),(1619,24,13,7,29,28),(1620,9,40,34,14,4),(1621,18,74,7,0,0),(1622,2,10,30,52,6),(1623,2,9,39,44,6),(1624,11,29.2,23.4,27.8,8.8),(1625,32,55,11,2,1),(1626,4,30,46,17,3),(1627,0,8,89,2,0),(1628,5,4,20,44,27),(1629,7,26,29,30,7),(1630,10.3,26.9,31.2,23.4,8.2),(1631,10,65,12,11,3),(1632,1,3,29,56,12),(1633,1,2,26,60,11),(1634,8.84615,26.0769,29.1538,27.7692,8.30769),(1635,9,35,23,26,7),(1636,1,18,40,37,4),(1637,0,4,95,1,0),(1638,20,73,5,1,1),(1639,12,57,24,5,2),(1640,8.4,37.4,37.4,14,2.8),(1641,2,12,57,26,4),(1642,1,3,18,63,15),(1643,47,49,4,0,0),(1644,24,71,3,1,1),(1645,2,1,7,42,48),(1646,11.8,32.3,27.6,20.2,8.2),(1647,14,53,16,13,4),(1648,1,3,38,53,5),(1649,2,2,11,60,24),(1650,1,11,57,28,3),(1651,18,39,14,22,8),(1652,10.2667,28.7333,27.4667,25.2,8.4),(1653,36,50,11,2,1),(1654,67,33,0,0,0),(1655,8,24,13,44,11),(1656,30,66,2,1,0),(1657,14,72,9,3,1),(1658,15.45,33.8,22.35,21.4,6.95),(1659,3,65,32,0,0),(1660,1,6,27,60,7),(1661,3,53,33,10,1),(1662,0,1,38,54,6),(1663,23,56,13,6,3),(1664,13.56,34.28,23.6,22.32,6.24),(1665,29,69,2,0,0),(1666,13,35,17,27,9),(1667,23,59,10,5,2),(1668,24,67,7,1,1),(1669,6,70,21,2,1),(1670,14.4667,38.5667,21.5667,19.7667,5.63333),(1671,56,43,1,0,0),(1672,23,71,4,2,1),(1673,4,16,36,37,7),(1674,5,34,41,17,3),(1675,6,10,16,50,18),(1676,15.0857,38.0286,21.2857,19.9714,5.65714),(1677,21,57,18,3,1),(1678,30,64,3,2,1),(1679,4,13,23,49,10),(1680,16,77,5,2,1),(1681,32,59,6,2,1),(1682,15.775,40.025,20,18.925,5.3),(1683,4,14,31,42,9),(1684,12,31,28,22,7),(1685,2,1,10,54,32),(1686,1,2,10,63,25),(1687,29,48,8,10,5),(1688,15.0889,37.7111,19.7111,21.0667,6.44444),(1689,42,56,1,0,0),(1690,17,64,12,4,2),(1691,3,26,56,12,2),(1692,2,17,47,30,4),(1693,8,86,5,0,0),(1694,15.02,38.92,20.16,19.88,5.96),(1695,2,14,40,40,5),(1696,42,51,5,1,1),(1697,6,37,35,18,4),(1698,39,51,9,1,1),(1699,3,9,24,53,12),(1700,15.3273,38.3273,20.3818,20.1273,5.83636),(1701,11,53,6,25,6),(1702,20,69,5,4,2),(1703,2,16,39,37,6),(1704,20,72,6,1,1),(1705,3,10,15,57,16),(1706,14.9833,38.8,19.8667,20.5167,5.86667),(1707,46,52,2,1,0),(1708,5,30,37,24,4),(1709,52,29,18,1,1),(1710,13,69,12,4,1),(1711,60,28,12,1,1),(1712,16.5385,39.0154,19.5846,19.4154,5.52308),(1713,3,12,26,49,9),(1714,0,9,86,4,0),(1715,27,64,4,3,1),(1716,3,8,30,49,10),(1717,32,47,14,4,2),(1718,16.2857,38.2286,20.4714,19.5857,5.44286),(1719,7,23,36,28,6),(1720,3,47,47,2,0),(1721,4,18,23,46,9),(1722,1,14,56,25,3),(1723,22,60,7,8,3),(1724,15.6933,37.84,21.36,19.7333,5.36),(1725,5,33,42,16,4),(1726,1,2,13,68,16),(1727,15,60,20,4,2),(1728,1,1,20,65,13),(1729,21,68,6,4,1),(1730,15.25,37.525,21.2875,20.4625,5.475),(1731,51,38,5,3,3),(1732,0,1,16,68,14),(1733,1,4,11,71,14),(1734,2,5,13,67,13),(1735,1,15,78,5,1),(1736,15,36.0588,21.4824,21.7765,5.68235),(1737,0,5,88,6,0),(1738,4,26,59,9,2),(1739,1,2,25,61,11),(1740,5,1,5,40,49),(1741,2,4